38
1
44
49
84
43
3
63
23
64
60
40
83
90
94
18
55
16
96
29
88
28
34
77
53
69
81
61
50
67
98
39
97
8
26
15
78
59
66
72
14
68
30
71
70
6
37
19
25
9
86
24
33
85
93
35
62
21
92
56
51
27
46
11
75
31
48
82
99
32
80
12
95
20
91
89
5
73
57
17
79
22
87
13
52
10
58
2
41
7
42
45
47
36
99
76
4
65
74
54
42
87
35
51
62
6
49
70
13
27
80
4
86
46
76
85
86
56
38
62
45
35
14
22
52
18
25
17
55
7
64
28
14
59
23
79
52
47
48
60
77
74
15
87
86
86
45
62
74
66
32
16
83
37
21
80
87
89
21
38
14
75
65
84
65
49
62
27
30
45
17
68
47
37
18
56
64
32
34
8
86
35
19
78
49
52
79
31
40
58
36
76
88
6
60
18
28
17
52
82
29
85
64
11
63
36
61
61
40
82
53
75
46
14
77
13
39
11
36
37
29
73
29
55
8
56
16
55
83
44
69
14
41
26
77
68
77
13
19
64
40
15
84
57
54
79
61
24
54
42
31
41
24
35
46
65
7
28
81
47
19
85
22
74
74
16
30
21
35
18
29
65
66
52
76
29
30
44
72
83
61
49
28
64
44
65
21
72
60
16
78
73
52
40
54
71
9
67
73
34
